“Tabfiszi §Sposstffifi‘ans Ho'rarii‘fflt‘us 2> ξ W*

Motus Diurn'us. ⁷

1336113, 13113 10113 311-13Ξ11133611Τ38113..4. 0141111ξὲ11ωέ
Γο 110”“““110”””110““”’110 ¹1ss 110 QG 110 1101110ἱ ι
22 164ζ1ό ’“.’1.”,1’6””ῗ4’ςέ”ἶζ3ζ16”’ἶῆ 'w 4 52‘6 53
, 21¹6 506 516 5226 53 ,- 6 586 59
⁴ 6 3416 336 3616 ‚57¹6 386 3917 Ο7 117 27 37 41
3017 07 17 -117 3 7 37 67 717 7 97 10·

 

 

 

 

.-.....- - --..-.—.... -—- .

6 486 496 5016 51
6 3416 336 3616 37

 

 

 

 

 

 

 

1
Ι

 

 

 

 

407 57 617 87 9ζ 1ζ7 117 127 1377 1217 157 1όῖ
507-117-„127 137 147 137 167 ¹7

*⁷ Η 7 197 2017 21-.7 227 23 1
7 147 1617 1717 187 197 307 317 317 33
7 3027 3117 327 337 347 337 367 377 38
1367 337 3417 3617 377 3817 3917 40⁷ 417 4117 4317 44
-467 397 4017 4117 4317 44,7 4317 467 477 4817 4917 30
13617 437 467 4717 4817 497 ἙΖ, 317 317 337 3317 36
14 7 50¹7 3117 317 3417 337 367 377 387 398 1
1107 56 7 5918 18 28 38 4 58 6
⁸208 1 8 518 68 78 8 8 118 12
{30¹8 78 88 98 118 1118 138 14
14ο,8 128 1418 158 163 1818 198 '20
‘5028 1818 1918 208 228 23¹8 248 25

{013 331 333 333 333 3ξὲ 323 {32 41 .
. ²⁰28 35¹8 36,ss 37 8 392⁸ -40 8 41 8 42- 8 44 8 4-5 8 461·
3028 4018 42 8 43 8 44 8 46 8 47 8 4818 4918Χ ,51 ’8 52
²403 4618 478 498 508 528 538 548
50 8 52 8 ,57⁶3 54 8 8 5718 5818 <9⁴9 1.9 2

33
618 378 59¹9 ’οἶ’119 3”9 49 39 79 8
¹09 3 9 119 139 14

9> 419 69 79 99 10
209 89 ¹09 1119 1119 149 139 169 189 20·
1719 1819 1019 ,7.1ῗ9 22³9 249 2⁷..
91319 1419 1619 1719 289 309 31
9 189 2919 319 119 349 339 36,

3539 3739 389 3910 4119 4119 44
⁴ 1. „0 4119 411) 449 459 479 43⁴9 49
20¹9 4199 439 459 461) 439 49¹9 509 5219 5319 55
3019. 4729 4959 5119 η1φ 3419 339 3619 389 391Ο 1
4119 339 3119 149 3719 3919 110 ²10 410 5¹0 7
<Lx—0 58 0 O'IO 2¹20 3⁸10 510 6110 7¹10 9:01o·‹0 ¹2
819

 

 
   

7 18ἶ7 1917 207 21
317 1617 18 7 147 13’7 1637 27

1¹⁰7 227 23
·2o7 287 29

 

 

 

 

 

 

 

 

 

 

 

8 3717 33
8 118 3

 

 

 

 

 

 

816

822
828

8 18
8 23
8 29

8 348 331

 

 

8
8
821
8

 

 

 

 

 

 

832

 

 

 

 

 

 

 

 

 

 

 

 

 

 

 

 

 

 

 

 

 

 

 

3019 1419 169
4011) 1919 21
⁴ 50⁵9„.}.{2„ 2⁷

 

 

 

 

 

 

 
   
     

9> ‘55
92 31
9 ·’ 56}

xo 2«
10 -81

1013?

 

 

 

 

 

 

 

 

ρ...-

.110 6ἷο Δ7110-*91133η10110 12110 13110 15110 16110 18110 19

..Ἦ

Ta·

 

 

 

 

 

