w

ΜΞῩΒᾸ 383

.- “—

 

 

 

Diuifioni, δε Inuentioni partis proportionalis.

TI.- „21⁴- ,iz-„AQJLQ ιζ,

  
   
      
  
    
    

 

’31116 21 26 52'27 23 27 54 28 25 28 56 29 27 29 5‘53 30 29 31 0 -
32127 12 27 44 28 -16 28 48 29 20 29 52130 24 30 56 31 2832 0
²333 3 {gf-”36 29 9 29 42 30 '15 30 48331 2131 5432 27 33 0

 

340

 

 

 

 

 

 

 

,3448 54 29 28 30 230 36 31 ιο 31 44332 18332 5²{33 26
{3329 42³}F2‘”‡0·30 55‘31 §032 531 40133 15ί33 5034 15
,33430 36 .-‚-...‚ , 31 1433 0 ἰ .
⁷13¹ 1731 431 4¹ 33 1833 5534 31135 935 46136 1337

3

 

 

31 11ἱ31 48 33 3634 1134 48ὲ35 143Ξ ἓ

 

 

 

 

 

 

 

 

 

 

 

 

{2332 ιῖἷΞΞ-ςό ³3 34434-1-2242335—3-332-—2532-2148Q2fi-3

39533 933 ’”48,34 27335 635 4536 14ἓ37 337 41ξ38 1139
{holm 934 40 35 20336 039-*453 37 20 38 038 40339 20 40

O

Ο
4134 5135 3236 13j36 54137 3538 1638 573ἷ-’38Ξ40 19 41 ·0
4335 4² 36 14 37 637 48438 3039 1239 54 40 3641 1841 »¹0
43136 33
‘²2537 24
45338 15
,4639 ⁶
,4739 57¹40 44 41 3142 7843 543 5244 3945 16ξ46 13
fiko-4²32& 3641 14 43 1244 044 4845 3646 14ἔ47 11

 

 

 

 

 

 

 

 

 

 

 

37 1637 59 38 41139 15 40 840 5141 3441 17 43· 0
38 838 52 39 36‡„2o 3041, 441 4842 32243 1644 0
39-’0 39 45,40 30141 1541 042 4543 3οξ44 &¹545 0
εἰη-51 40 38141,1441,,-1,041 56 43 4244 28345 1446 ν0

47 0
48 'o

 

 

 

 

 

 

 

 

 

 

 

 

 

 

 

 

 

 

 

 

 

 

 

 

 

 

 

 

 

 

 

 

 

 

 

 

 

 

 

49ξ41 39 41 18 43 17 44 6 44 55 45 44 46 33 47 11ξ48 1149 ’0
,ς-οἱιμ 30 43 20 44 xc 45 φ 45 50 46 40 47 30 48 29 49 10,ςο ¹ o
5³l43 214} ¹2 45 3 45 5-3 46 4547 3⁶ 48 *27 69Ι ΙΒίῖῸ 9 5¹ ⁰¹·
5:- 4 11 42-—3 45 56 <gf—,18 47 40 48 32 49 24 ,o- κός-51 8

. 253{÷5. 3345. 56 46 49 47 41 48 35 49 18 50 1151»Ι 14151· 7 53 0
54 ’5 54 46 48 47 42 48· 36 49 30 50 24 51 18 ς). ι-ιιῖς 6 54 0

¹·—--—--·—----=--—·-—-----··--—----—,—.— m———ae——u-——u-——u———u——u—

,η
ιθ
. Ο.

 

ἐμῇ-37 36ιὲ ³2 40 1850 1451 '20¹52 [⁶53 12 54 855 4 56

v571348 27349 24 50 2151 18 52 15 53 12 54 9 55- 6 56 3157 o
zaff-„ssssffffissffsz—nffl ,13-...8 MQffl-jffl-ss>
5950 951, 851 753 654555 456 357 258 159 ο
v051 052 053 054 o 60 0

 

—u———n— -—-—-— ἡ

ψ-*ᾠ-

 

 

 

 

 

-ῤ--ῄ-

