  
   
  

 

 

LIBER TER2T1v5. „9”
Ad eleuationem 1³31·gr-41.50‘.Almae{thiS. ᾳ

 

. .

 

 

 

 

 

 

 

 

 

 

 

Latitudo Μ erz'ds'onalis .
„qm-uma
jo 1¹²'**3'4¹5'⁶78 9
ἧς 20 ‘G 1¹¹G ’,0 {G ΝΘ ‘G ‘G '10 1

 

 

 

 

 

 

 

 

 

257 25257 53 258 44 259 367260 30 261 25 262 201263 18 264 18 ἷ-ἆῖῗῆ
258 18 259 10 260 1 260 54 261 49 262 45 263 403264 40 265 41 266 41
{554260 27 261 18262 13ἷ263 85'264 5- 265 3ἔ266 2267 ,41268 ‘4
ι 250 50'261 43 262 35 263 3¹n2⁶4 273265 25 266 241267 24 268 27 269 27,
“2222 (2262 59 263 Υ52264 49J265 46'{266 44 267 453268 46 269· 5οξ270 5οἷ
3263 212ἑὲ42 265 91266 6ἱ267 44268 3 269 5270 7 271 13ζ272 13}
264 361265 31266 262267 243268 233'269 22 270 252271 28 272 353273 36

4³65 511266 46 {62-435268 4.¹{2⁶9 413270 41 271 453‘272 491273 57 274 58*
267 ”32:68 1263 597269 58:270 58ἷ272 0¹273 4{274 9273 19 276 20³
263 {93:69 16 270 155271 15127216Ῐ273 19 274 231275 29 276 40 277 421
Ι ρῖἶξςξηο 3} {71 302'272 315273 33 274 37 275 {31276 49 {5503279 32¹
‚3270 47 Q 272 455273 47 Q 2-75—24 277 05323-5' 279 21 280 25

{¹²7² 0 273 0 ²74 02275 3 275 6 277 11, 278 183279 ²8 280 41 281 46

⁵2⁷3 1322214 27225976 ¹8 2⁷⁷ 2² 2-73-2! QfflQJ 2⁸2 ὠὴ 7
Ζ741 26 ²75 2⁸ 276 35 27⁷ 33 27⁸ 38 279 44 280 541282 ‘5 283 22> 284 2⁸
’275 39 276 41 277 44 ’278 47, 79 53 281 02282 112283 23 284 39 285 48
5256-7'51 277 54 278-57 280 1ἷ281 8 282 16ξ283 27 284 41 285 57 287 8
5278 3 279 6 280 10 281 15282 22 283 32 284 43 285 58 287 15 288 27ἶ
2'579 ¹4 280 18 281 22 282 28 283 36 284 47 285 59 287 14 288 32 289 46
n 30 25 281 29 282 34 283 41 284 5ο 286 1 287 14 288 30 289 49 191 5

,τινέἔι 36 282 40 283 46 284 54 286 3 287 15 288 ’29 289 46 291 6 292 ²3
[3224 46 283 51 284 57 286 6287 16 288 28 289 43 291 1 29² 221293 49

 

 

 

 

 

 

 

 

 

 

 

 

 

 

 

 

 

 

 

 

 

 

 

 

 

 

 

 

 

 

 

 

 

 

 

 

 

 

 

 

 

 

 

 

 

 

 

 

 

 

 

 

 

 

 

 

 

 

 

 

5‘5 285 1 286 8 287 <17 288 28 289 41 290 57 292 16 293 37 294 57 ·’
ἱ 428619 287 18 288 28 289 39 290 53 292 107293 30 29451 296 137ἶ
288 28 289 38290 5ο 292 5 293 23294 43 296 5 297 28,7
288 28 289 37 290 483292 “ 1 293 17 2324-35 295 (56 ²97 19 298 44}
289* 37 290 4⁶ 291 58'293 11 294 ²85295 465297 ’ 8 298 32 299 58-
290 45291 54 293 71294 21 295 382296 57'298 19 299 44 30¹ 12.

¹3 287 19
21

1
6
Ἰ
3
’9 ²5
'o
t
1
3

 

 

 

 

 

 

 

36

 

293 2 294 15',295 30.296 48³298 7
294 10 297 23i296 38 297 57 299 17
,²225AE {22⁵AE

³ ,

 

299 3οἰ3οο 56302 25
300 4⁰j302 7 303 37
297 46 299 5 300 26 301 50:303· 17 304 33

--ι ——›— —— ——-—t ——ut-

0 43 291 52
1 45· 29² 59
2

‘55 294 5

*4— --ι

 

 

 

      

