 

 

· “72qu qn] ςῃειιοιιιιιιιειᾶες 29 ‘ tunnaL e'sdnJ vuegpgsaw ofreuqnnfl

 

 

 

 

 

 

 

 

 

 

346 ASTRONOM1C‘ORVM *⁹*3
Tabula Pofisstionuam
El 16 ,- ι7 -...---....' 18 ι 19 20 21 22. Ἢ
{Q‘Ceffsffl (2...ss ε-...ξ
016 40 17 48 18 58 20 7 21 2122 34 23 50
1 16 2317 3018 39 19 47 20 59 22 1123 26
‘i 16 617 11¹1ss ι9Ι 19 27 20 37321 48 23 1
3

Μιξ-ξ-ιι-ζρρ ψ’ΞῬ-Ῑὲιὶὶ-ΞΞἏ-ἐ]

4¹5 3116 3417 4018 451
ις 1416 ι6ξι7 2018 ιξιῑιρ 3220 3921 40

14 5615 583'17118 4⁵¹9 920 1521 25
7ὖι4 3915 3916 4117 43¹18 4719 52¹20 59

814 2115 2016 21217 22 218 2519 2820 35

9ῗ14 415 1⁸16 1317 0)ιὸ 3¹9 520 10

Ν--ῄ-*ψ--Μψ-

10 ¹3 4614 43¹5 41¹¹6 3917 4018 4119 45
ιι 13 2814 24ἷις 2116 1817 1818 1719 20

1213 1014- 4ις Οἷῐῖ 5616 55117 53*
1312 5213 4514 4015 3456 3217 29418 29

*ut ——2—-0 ————

 

5

 

 

 

 

 

 

 

 

 

 

 

 

 

 

 

 

 

’.η’-*ὴ-

1412 3413 2614 1915 12
15 12 1613 6 3 58

-—————--———-—————

 

 

 

—u--n——.—v ¹* ³⁸¹⁶*-

—ssmm———m——oe-——Q

 

-wc——————-—————-—-—nnnn-—¹-——

 

2110 2111 411 4812 32113 19'14 6514 55

*eet-— *mu—*Nm*—

2210 110 4211 2512 812 54313 39414 26

23 9 4ιιο 2111 211 44!12 2813 1213 57

-α--κζ--ι--ι-ᾑῄ- -ui--a—-w-——Q-——t———u—

²4¹ 9 205 9 59 10 39 11 ι9 12 212 44¹ 13 28
25 8 ς9 9 3610 15 ιο 54 11 3512 1512 58
26 8 38 9 13 9 5110 2811 711 4612 28
27 8 16 8 50 9 26 10 210 4011 17 ιι 57

*αἳ-»Ἄ

28 7 548 27 9 1 9 35101210 471126
2938731⁸ 38359 894310171054

 

 

 

 

 

 

 

——Qffl

 

 

32621647715

 

