 

W...-

 

 

 

 

Mor ”ssD-ur 77-us

 

 

13 26113 28113 30113 32113 34113 36113 38113 40113 42113 44113 461
1 G [JG ‘1G 10 ’10 710 11ss 1<3 [G 11G lG ’,1
’ 3 713 773 773 7313 7313 743 743 223 253 263 26 2
3 273 283 733 7313 7913 393 393 3713 373 3713 32 ³
337 3 3313 343 353 363 363 363 373 33 ε
3 383 393 393 3973 4913 4713 473 473 4713 4313 44

433 433 443 473 463 473 473 433 3 493 49
Q 3,7.713.73,..-77-7..7717 777 77 .
7 13 773 553 7613 7713 7713 733 7913 7914 04 2¹4 <¹1
‚1313 7717 717 37 53 77 977 ,7917 ,33 197

. 3014. 124 12'4 1314. 14
4014 174184 1834 194 204 2144 2114 22
504 23 4 744 774 ,774 764 27¹4 27

4 74
8 4 29 4 3714 324 3314 33

4113979911

 

 

 

,0199

 

 

 

 

 

 

 

3 3313 33

 

 

 

 

 

 

 

 

 

 

 

4 144 1513. 164 164 7714 1714Ι 78,
4 7314 24

4 7314 29¹4 30

 

 

 

 

 

——·——-——-— - ·—›—-,.„

4 3414 374 35
4 404 414 411
4 474 464 4
47714 7414 17211-
7714 734 53
35 45⁵ 4
85 -95 101

 

4 7914 39
104 344 3714 37 ἢ4 334 394 39
794 494 494 41 ,4 4714 434 444 44

394 4614 464 4714 4314 4314 4914 7794 79

 

 

 

 

 

494 514 524 77 44 7714 764

WQ5 1
417 417 717 617 77 77
5 945- 105 1015 711ς 135 135 145 155 16
5155 15516'5 175 1825 1925 205 205 ²1
5 205 7717 7717 235 7417 245 255 265 7»,,
7767 777 77177 5 30¹5 397 3 7 325 33²³·
7 377 377 335· 347 355 3655 375 385 3}5
5 3717 337 39¹5 497 415 425 425 4317 44
74317 445· 477 467 477 477 497 497 5t
7 497 495 505 7 525 535 545 7717 6,

5 52, 545 54155515 7677777817 5816 06 716512
1ς 596· 016 116 26 36 46 ’516 56 66 71

6 56 66 636 76 86 96 06 116 7216 '13

61031ῑὲ 116—— 126 1316 14615 Δ 186 ‚19
20 6 2026 {256 :Z Ξ {3522 Ξ16 ἓξὲξ ἕεις ,Ξ ἐξ Ξ ³} Ξ ΞΞΞ {50
76 28 6 29 6 06 316 32 6 336 34 6· 3ς16 36:
⁶ 336 3'46 366 6 386 396 406 41 6 4²„

ἓξὲξ {36 396 406 , 16 ἐξά 43⁸6 446 2156 466147·

ΞΠἿΣΙΠΕἯᾝωἯ-ᾟῖῖοῖ 5116 52¹6 53

 

 

 

 

 

 

 

 

5 9
5 14
5 20

 

 

 

 

 

> 14
19

 

 

 

 

 

 

255 25
5 305 31

ΖΟ·’
195Ξξ
¹05 3617 37
105 41< 42
1707 475 48

 

 

 

 

 

 

 

 

 

 

30
40

 

55⁵
64
696

   
   
     
  

 

 

ό 166 176

 

 

 

 

 

 

 

266

 

 

 

 

 

 

 

 

 

