 
   
  
   
    
     
     
   

ΜΜΨᾙἾ

 

 

 

 

 

 

 

 

 

 

 

 

 

 

 

 

 

 

 

 

 

 

 

 

 

 

 

 

Ι 61 62 63 64 65 66 67 63 69 J 70 3
’Ἶ81 1 1 21 1 ’κὴ-’51 6—1-—71 8 1 9J1 10 ξι
282- 22 42 <352 {210212214216218‘22033
*313 313 6 3 9 3 12 3 15 3 18 3 21 3 24⁸ 3 ψεῖ-’33 53
ἐξ 4 4¹ 4 8 4 12 4 16 4 20 4 24 4 28 4 323 4 363 4 40 ᾖ
232 2} 533} {3} {2233} {2233223122333 ⁵332.
,ἢ 7 7ΪΤᾞῘΙ 7 213 7 233 7 35 ΤΞ. 7 49 7 563¹ 8 3. 8 10 ᾖ
ἐξ 8 81 8 163 8 243 8 *323 8 40 8 48 8 56 9 4 9 12 9 20 3]
93 9 9L 9> 18ι 9 27] 9 36 9 45 9 5410 3 -10 12 10 21310 30 595}

 

10.10 1010 2010 30{1o 4010 5011 011 10

11311 11311 22

—-———--- ...α-..- --,-,

 

 

 

3 11 3311 4411 55312 6312 1712 2812 39312 5ὀ4
ηἷι-ΞΞΞ-Ξὲη--Ξριέ-ΰιις 0313 12313 2413 3613 48'14 0

------ w m ——....—. ——n--u— ·—-·--—·-·

¹3¹13 ¹3313 2613 39 ¹3 52314 5314 18314031314 4414 57315 ιοἰ
14 1414 2814 4214 156315 “3315 ἰύζεις 38815 52316 6=16 2021}

.-....-...,-....--..-.—...- 17 017 1517 30

 

 

 

 

 

 

---

 

 

 

 

 

 

 

 

 

16 16 16 16 32 16 48 17 4317 ΗΟ 17 6 17 5218 8 18 24518 40

’ἦ 17 17' 17 3417 5118 81‘13 2518 42318 59⁷1?OE 19 33J19 50 4734
1—8· 18 18 18 36 18 5419 12119 30319 48320 6 20 24 20 42J21 J}
19 19 19 19 38 19 57 20 16 20 35-20 54321 1321 32 21 51J22 ια 98
33 20 20 20 40 21 ου ιοξξ-Ι-ιῇῥίῑὶ 08η 20 22 40 23 o 23 250 ξῖ
21 21 21 21 42 22 3 22 24122 45323 6352'3323 48 Η, 9 24 30 ’8ιῇ

 

 

22 22 22 44
23 23 23 23 46
24 24 24 24 48
{3⁸25 23 25 50

23 ⁶1²3 28 23 50324 ‘zJffiffi-jst'24 55 23 18 Ξῖ 40 '52
²4 9324 32 24 55325 13325 41 26 '4226 27 26 50 ³³5}
25 ¹²3²‘5 36326 0326 24325 43 27 η

ἰο-*- -—...-.-—-u-·=—— —u———--—-——- ..οισι-..ι- Μ-

26 15326 40 27 ‚5 27 30327 55 28 20 28 45 29 10 55
--- -.... .-.... ²⁸ 36 29 ² 29 28329 54 50 20 st
28 2128 48 ²9 15 m330 9 30 36 31 3 31 30 3757
29 2 29 52 30 20 30 48·31 16 31 -44 32 12 32 40 S‘J

*un———na ψ*- commu—— ——00-

30- 27 3⁰ -56 31 25
31 3032 -032 30

‘u--u———u-

 

 

 

 

 

 

 

 

 

 

 

...nm——

27 27 27 ²7 54
23 28 28 28 56

-—-—-——-—-

 

 

 

33 03

-φ

   

“’ 61 62

ᾖα*

*m*—

¹29 l
30 30 30 31 o

 

