Π

    
  
    
    
    
  
  
     
  
      
   
     

 

 

 

 

 

 

 

 

 

 

 

 

 

 

 

 

 

 

 

 

 

 

 

 

 

194 ASTRONOM'IC'ORVM -a
1 Tabula Ρτορἶ1ῑίὖῖᾆ11ἓῖῌῦἷᾷἶίῑ motus 2), -ss--k
'gn ἢ .-— Λᾶοζιω· Dt'urnus. ““·1
{5} {Z-—‡÷²}.³.-5 6113-8115 10115 Ulli-..¹:2¹⁸ 16115 18115 Ed*
Ξ G ‘lG ‘iG ‘lG ’ ‘lG le 'AG «ε’ἑ.
18 11 1811 2011 21211 23111 2411 2611 2711 291130μ
1011 2511 2611 2711 29:11 3011 3211 3311 3511 37
2011 3¹=¹1 321¹ 3311 3511 3611 38111 3911 4111 431
3011 3711 3811 3911 4111 4211 44¹11 4511 4711 49
4011 4311 4411 45¹11 4711 *4811 501¹ 51111 5311 55·ae
Ι 50311 4911 50¹1 51³³ss 5311 541¹ 5611 5711 5912 11
>191 11 55111 57 11 ’5ῗὸςῂ 01η, 1¹² 3512 4 ¹² ⁶ 12 34
1012 2112, 412 ,5112 612 7712 912 1012- 1212 141
2012 8512 1012 11112 12112 1312 1512 17112 1912 211

 

 

 

 

 

 

 

 

 

 

 

 

 

 

 

 

 

 

 

 

 

 

 

 

 

 

 

 

 

 

 

 

 

 

 

 

 

 

 

 

 

 

 

 

 

 

 

 

 

 

 

 

 

 

 

 

 

 

 

 
 

 

 

 

 

 

 

 

30112 1412 1612 1712 1912 2012 2212. 2312 2512 27ss
3331} ἓξὲξ }3113'5. 35, i} {3 ΞΞ· Ξζέἰ ἒξ {3 321}ss ἐξ 33. {3ss
20 12 331223512,336 12 3812 3912 4112 42³12 44 12> 4611

1 10 12 3912 4112 4² -12 44 12 4612 48 12 49112 51 12, 524:
20112 46 12 ³²43 12 149312 5112 52112 54 12 55112 57 12 59.
30 12 52 12 »54 12 55{12 5712 5813 0113 1 13 3¹3
4012 5813 013 1113 313 413 613 713 9131111·
5013 513 613 813 913 1113 1213 1413 1613 182³

21113 1113-„3153‘12- 1413 1613 1713 1913 2013 2213441
10213 1813.1913 2113 2313 ²413 2513 2613 2813 3⁶3?
20'13 2413 2617132 2713 2913 30 13 31 13 33 ¹3. 35÷‘13 ‘37³
. 3013 30 13· 32 13 3353 35 ¹3 36 ¹3 3813 39 13 41‘13 401
40 13 37 ¹3 38 13 39³3 4 ¹3 43 13 4513 4613 4813 41,
,Σο 13 43131 44¹3 4513 4713. 4913 5113 52 13 54¹3 5⁵.
²² .13 49 13· 51 13 52³13- 5413 5613 57 13 59 ¹4 {¹ ¹4 ²
¹0j¹3 56 13 58 13 5914- 1 14 3 14 ,4 14 ⁶ ¹⁴ ⁸ ¹4 ⁵
20 ¹4 2 Ι4- 414 514 7 14 9 14 1-0214 1214 ¹4 ¹4 ¹52
30 14 8 14 10 14 ¹1-14 1314 1514 ¹3⁶ 14 18 14 2014 2-21 ²
40 14 14 14 16 14 18 14 1914 21 14* ²3 14 2514 2714 2815
50 14 2114 23 14 24'14 2614 28114 29 14 31 14 33 ¹243),
23 14 27 14 29 14 31 14 32 14, 3414 36 14 37 14 39 '44:7¹
¹0 14 33 14 35 14 37 14 38 141 4014 42 14 44 14 4614¹ 48
20 14 40 14- 4214 43 14. 44145--41514 5814 59 ¹4 52 ¹4 54
30 ¹4 4614 48 14 56145114 53314 4514 57 14. 59. 151491Ἰ ¹
40 14 52 14 54 ¹4 ,56 14 5714 59 15 4¹ ¹5 3 15 515. 71
50 14 58 15- 015 ²15 315 . 515¹ 7215 915 1115 ³13
2'4'115 41¹5 · ⁶1W51ss311ffl115 ‘181154-20

ν DET: ξ

