 

378 ΑεἹἼῑὶτῑΝΟΜΙ(3013111111Α

 

Tabula Sexagenariadeseruiens Multiplicationi,

    
  
  
     
      
   
    
  
     

39 40

——C———a

039040

 

32 1 33 34 Ι 35 36 37 38
1» 0 32} o 33 0 34 0 35 o 36,10 37 0 38
2, 1 4³ 1 6 1 8 1 10 1 1111 14 1 16

41145148ἰ1511541571 o
161101141118131136240-,

*Q-

 

2-

 

 

 

 

 

 

 

 

 

 

 

5 2 50 2 55 3 5 3 10 3 15 3 202· ,
33243303363423483 40:
¹ 3 58 4 5 4 12 4 19‚4 25 4 33 4 40, 7
4 4 33- 4 40 4 43 4 5615 5 11 5 10-Ξ ¹
756515524533542551603
Ο 5 ,40 5 50 6 o 6 10 6 zo 6 30 6 40* 9

5415526 361461 145636647659γ7 9725}=⁸⁰
¹²⁶1²6²46366487 071237247367488 οι,

——-—- —ss— “--·--ι ——- -——-—-— 1,

 

 

 

 

 

 

 

 

 

 

 

 

 

 

 

 

 

 

 

 

 

 

 

 

 

 

 

 

 

 

 

 

157458 0815830
168168318489 4

*ffl-——Q—st*

178479 49219381955.8101210 2910 4611 311 20 ,Τ
»18 9 18 9 36 9 5410 1210 30,10 4811 61ι1 1411 4111

mffl———ss—-m—-fflffl———ss—-zm

19 9 49¹0 810 27¹0 4611 ,111 1411 43111 1,111 11
1010 1010 401¹ 0,11 10111 ,4οῑ11 οξι1 1011 4013 0

1

..b—*- --..4 ———-—-.- ἰα-ια...- ῃ —-———-— t

84519 0915193094510 0·
9 1019 369 51,110 10 2410 4ο-

,ῖιὴ--ψ-..Μ--Ἇ--ηιι

 

    
    
    
   
         
   
 

—-—-—--

12 40. -
13 10

 

 

 

 

 

 

 

 

 

 

 

2110 5111 1111 3311 54111 15111 3611 5713 1813 3914 0⁴ ²-
22112211 4412 6.ῖ11 1811 5013-4113 34 3 5614 1814 4οζ1

 

 

 

 

 

 

 

 

 

 

 

‘2311 5312 1612 39113
24

14 34 4 5715 20

6 011'·

16 40
¹7 10

m

18 o
18 40

-———r ,¹

213 25'13 4814 11
11 1411 4813 11113 3614 0,14. 2414 4815 1215 *364

11 5513 1013 45114 1c 14 3515 0’15 2515 50 6 ¹5
13 1613 5114 1814 4415 1015 36 6 2'6 2816 54

⁴—- ——- —-— -Q— „dnn—— — ¹⁷——

13 5714 2414 51115 1815 4516 1216 39: 7 61η 33
14 2814 5615 2415 52 ·6 χο, 64817 16317 4418 12

---..-.,,,--.ἓ,.-..-.-“,.-,ν--..---

 

 

 

 

 

 

 

 

 

25
26
27
28

 

 

 

 

 

 

 

29
3c

μ-ι

 

m———q

——mss-—m-——ffl———n

— ,

 

 

