 

 

 

ιμ AsTffioNoMlconM 4,” ’1

< , Tabula proportiogffiij--qugrij motus ,ᾗ ξ, ““ ’

4 ⁴ M otus ΒίκνηῑϊῑἫ
1
1

 

   

v* {1 21? 31¹ 44, ς4ῑ &22¹3 341 941 1041 1141 12 15131 14
-,0...ί10 ’10 [10 (10 1“0“·”ιο 110410·,3.1.(Ξ,,ζ1,0-’10,;10“’010 ¹·
12 0 30

2040 31 0 33
,330 320 320 330 340 34
13 20 3340 3340 3440 35

1040 340 3440 3540 36
Α 22²⁰ 3) 0 3520 3610 36

14 ὀ 36ἷο 363133Ξο 370 3340 38

 

 

 

031
031.

035
036

0 37
0 3740 38

0 330 3340 340 34
0 340 34,0 35 0 35

0 350 350 36,0 36

036

037
038

035
036

037

0 360 37
0 380 38
’0 390⁴ 39

0 38 0 3940 4010 40

 

 

 

 

 

 

0 31032032
032! 4

 

 

 

 

033

 

 

0 35 0 360 3640 37
0 360 370 3740 38
0 370 370 380 39

 

 

 

0 3840 390 390 400 4110 411
0 390 400 40,0 410 410 42

 

 

 

 

Ο 8 03940 4940 4040 4¹ 0 4140 42¹0 4340 43
3 40 3940 39 0 4040 4150 4140 420 42- 0 430 4440 443
0 38 0 390 400 40³0 Q) 420 420 43 0 439-4-40 45-,9—-45¹

,ο 3910 3940 40 0 4140 4140 4ι40 43 0 43 0 44ὀ 440 4540 460 46

0 4210 42¹0 4320 4430‘440 45
0 40043104004340 4310 4440454009 4⁶
0j4110 4ῗο 4340 4340 4440 450 4540 460 47 4 ⁸ .
0 420 430 4420 440 4510 460 460 470 480 480 490 500 50
40 0 42 0 4310 44Ἲο 4410 45 0-461‘0 4710 47 0 48 0 49 0 49 0 50 0 510 513¹
ἶῖἷῡ 43 0 440 4510 4540 ’400 47 0 4840 48⁴0 4940 500 500 510520‘353
ι 20¹0 440 4540 4640 460 470 48 0 49 0 4910 500 500 510 520 530 51
4030 4510 4620 47ῑο 4710, 43 0 490 4910 500 ,5110 510 5ι.ο,,53 0 5410 511
ῐῖῗῖο ’46 οῙ040 471ος480 4940 49,0 500 51'052'9 52:30 53 ‘0 5ἷο 5510 50 -
200 4710 470 480 4910 500 500 510 5410530 5340 540 250 560 ς’,
4οζ0 48'0 4810 490 5010· 5040 51ξο 53304539 540 5440 55 0 560 570 51
, 'xz-{03¹0 490 5040 51Ὀ 51 0520 530 540 5540 550 560 570 5⁸0 5!
20¹0 4930 5010 510 5210 520 530 540 550 5540 560 5710 5810 59 1 t
ΔΕΘ 5οό 5110 52⁵0 5ι1 0 4540 55 0 560 56Ϊο 570 5810 59 1 '021 ·
ιο {o 51¹0 5ιο 52¹9 5340 540 5440 56²0 570 5740 5810 591 0 1 11 j
200 5ιο 530 5310 540 550560 570 580 580 59 1 01 11 211 .¹
-ffifo 530 530 54‘0 550 560 5710 580 580 591 01 11433133 1 ⁴³·
2¹ 40 530 540 550 560 570 580 59ὀ 59 1 ’01 11 21 31 4¹1 'f' Ψ
-· ²0g0 540 5505όό 570580 59 1-010 1 1 1 2 1 3 ι 41 511 ⁴=
133 055 0,,5,00,57,0,..500,,03901 0¹ ¹ ¹ 2 »¹⁴ 31ι ,9-..1 ⁵ 1....„...-⁶¹ ‘²‘
059 1-141 21 314151 6417ῐ 114

 

 

²00 37ἶο 37
,32 ⁰ssrw3ff7s‘2 33
15 0 38

20 0 39
40⁴0 40
sciffo 43

20 0 42

 

 

 

 

 

 

 

 

0 4510 4640 47 0 47
0 460 47ςο 48ςο 48

 

0 390400 41

 

 

 

0 4710 48 0 49 491

 

 

 

 

 

 

 

 

 

 

 

 

 

 

 

    

 

 

 

 

 

 

 

 

 

 

 

 

 

053

 

 

 

 

 

 

 

 

 

 

 

 

 

 

 

 

 

 

 

2² 20 5όό 570 58
1 200 5740580 58
13940 57³0 5810 59
{²3 40 580 59 1 ’0
20 0 59 1 ³01 1
-, 4031 0 1 2

0591 t1>÷<131⁴21>31 415161 7181 ζ)
3 01411 21 *3³1 2¹41· 51 61 711 84 91¹}
1 11 21 31 4151641 7181 9‘11'0 „

 

 

 

 

 

 

 

 

  

 

    

 

’1 21 31 ,ιμ’ 51 6171 81 9'1101111

1. 3 1516171 81 9110,111’113.

1 1

1 14

1 1

’ἔξ-11 'xl-'im 2111-*311 411 541 641 741 ς841 9411041 111 12]ῑ;3ἲ1)ῖ11
mm. “““ a ns 4

 

 

 

 

 

 

 

 

 

 

1 1

   

 

4
1,

