W

348 ASTRONOMICORVM

--.........-.-—-—-——-—-—-—------——--—-‘--·1‘

 

 

Tabula Pofitionum

.-—.-——--—

 

’.η’-*ψ’

036 5638 4040 30142 25
¹36 20}38 339 5141 45

, -a-——-„.

44 2746 36 48 54
43 4545 5²48 9

*-

5²35 44837 2539 1341 443 345 947 23
-3-35 836 47383340 337- 3 2144 2546 38

434 33 36“10 37 5439 438 41 398543 41 45 53
>„233 5513-1-„32 33-AE 39 340 56 42 57745 7
⁶33 19 34 54836 35 38 2140 Ι443 13 44 31
7 32. 42 34 16 35 56 37 43. 39 31 41 29 43 35
'332 533—332 5 16 36 59836 4340 44843 49⁷
9 31 28 32 59 34 36 36 17 38 5 40 08541 3
10 30 5132 30 33 55 35 35 37 21 39 15841 16
L„ ;.--- ...- 36 38 38 ²9 qo 29
¹2 w9 36131 3 53 34 34 10535 5 37 43 39 41
L8 58 30 77 3¹ 53 33 27135 936 57 38 53
14 ,8 198 29 42 31 11 3² 44ξ34 24 36 10 38 v4
¹5 77 401129— 2 30 79 32 0 33 38

35 2237 15
17 128 11119 4631 1632 5234 34 36 35

6 2127 3919 330 31833 533 468535 35
-5 40876 57 28 1929 45131 1831 57834 44
5 026 1527 35 28 59ξ30 3031 7ξ33 53 ‚
1825· 3126 51778 1779 4131 16837 59
3624 46 26 477 75Ῑ78 51 30 24 3² 5
2·77 5324 775 17 26 3678 079 3131 10

' 30 15
471 2) 77 3123 4224 56326 1777 447Γ18

37· 53.<>.,4031.,44 33..73 23-.5. 37-31 ,2233 28-‚33

,2⁶ 19 5420 5522 223 1324 29 5 51²7 2⁰
4⁷21}ss 1<320 621 1122 1923 3324 5226 ι9

87917 7)

 

 

 

 

 

 

 

 

 

 

 

 

 

 

 

 

 

 

 

 

 

 

 

  

 

 

 

 

 

 

 

 

 

 

 

 

 

 

 

 

 

 

 

 

 

 

 

 

 

w-h‘

 

 

 

 

 

 

-ffi—-n-——a-—lssm

 

ffl'vgv
μ
Ὅ
μ
w
:i
μ
-6λ
w
0
μ
αι
⁴².-
’ὖ
<1
Η
0
μ
00
w
00

 

 

 

 

 

 

 

· 0-1110 ᾧ qn] sqeuognuuaedag 29 ⁶ [11133761 eadm] ‘eumpmpq omuqoafl

 

19 1620 1871 2422 3623 53 ²5 17
18 2419 ²420 28 71 37 77 5124 13

30 6 38817 —3118 2> 19 3020 3621 4823 7

 

 

 

 

 

 

 

 

 

