 

 

LIBER QER‘WVS 133

Tabula proporti0nciiis Horarij motus J)

w-„,.g,.——-..„V„

 

 

   
     
   
    

 

 

 

 

 

 

 

 

 

 

 

 

 

 

 

 

 

 

 

 

 

 

 

 

 

 

 

 

 

 

 

 

 

 

 

 

 

 

 

 

 

 

 

 

 

 

 

 

 

 

 

 

 

 

 

 

 

  

 

 

 

 

 

 

 

  
 

 

 

 

 

 

 

 

 

 

 

 

 

 

 

 

   

 

 

 

 

 

               

 

   

 

 

 

 

 

 

ΞΖ Mo tu 1Βἀ rnu 1.1
ἐ. 11 10111 11111 24112 26111 18111 30112 3²112 34112 36112 38112 4ο
Ξ (3 1(3 ’ ’10 [(3 ¹10 ¹10 110 ¹10 ¹1G ¹10 ‘10 ¹
0 0 00 010 ojo 00 00 00 010 {Ta—00 010 0
100 50 50 50 50 50 50 50 50 50 60 6
200 100 10'0 100 100 100 11.0 110 110 110 1110 11
300160160 1610 1610 160160160 160 160 160 16
400 210 210 1110 210 210 210 210 2> 0 210 210 21
50 0 260 260 26¹0 160 260 260 260 260 260 260 26
ιψᾶᾴῖῆῖῖ 0 310 3110 310 310 31 0 31 οἏῖι-ο* *310-32
100 360 360 360 3610 360 360 360 370 370 370 37
100 41 110 41 0 42 0 420 4210 420 42‚0 429 420 420 42 .
3010 460 470 470 470 470 47 0 470 47ῗο 471Ο 4810 48
400 5 0 510 520 520 520 520 520 52 530 53
1- 500 570 570570 570 570570 5710 580 570 580 58
³2 1 1 2 1 2 1 2 1 2 1 1 1 3131 3 1 3
1 10 1711 7 1 7 1 7 1 718181 811 818
1101 111 111 111 111 131 131 531 13¹1 1411 14114
301 171 18¹ 181 181 181 181·191 1911 191 19119
401 221 23123 1 231 2³ 1 241 241 241 241 ²4
50 1 27118118 1 18 1 28 1 1911 19 1 19 1 19119 -
3 1 32 ι 33113 33 1 34 1 34 1 341341Ῑ 31133 ‘
10 1 371 38113 . 39 1 39 1 39 r 40 1 40 1 40140
201421 431441 44ι 451 451 4311 451 45
30 1 48149149 1 49150150 1 50 1 51 1 51
40¹ 531541541 55 ¹ 55¹ 55 1 55Ι 561 56
501 581591 591 592 02· 02 02 12 12 1
14 1 311 42 4³2 52 52 52 62 62 61 7
ἰ102 91 911ςέ 102 102 112, 111 111 122 12
2012 1411 1411412 1521512.¹ 15216 1 15116 2 17 2 17
302 192101 26 2, 20 2 202 2112, 112 1111 212 222 23
4011 , 14 1 252 25 2 152 261261 262 171117 1 ²7 2 28
1ἶ501υ291 3022 30⁴2 312 312. 312 31 2 322, 312 322 33 -
2101} {35 {23} 32} Ξῗί {31} {2} 33⁶: 331² 43} ,3,ξὲ ἐξ
202 451 45 1 461 461 4 1 4712 471 481 481 49 1 49
3οἳ- 502 502 5¹ ² 51 2 532 542 54
14012- 55 ²· 55² 56 ²- 562· 57121 57 2 58 2 58 2 5313-59 2 59
503 03 03 13 13 ²3 213 33 313 42 43 5
ῑ 13 5¹3 5¹3 613 613 7¹3 713 ⁸¹3 813 913 913 10
''' a, 0- „„ Ta·

 

1 ,

