’ἔ WAE-LB-E-R-IFRU VS· 311
,Ἀ Ad Latitudinem Pol grad ..45

Lan tudo Meridionalis.

 

 

 

 

416 ‘G 1

u G ¹¹ l
,π’-Ἣ Ξ, -36 13 37 381'3G9 0 40 22 41 43 43 2 44 19 Ι45 36 v
1 Ι37 o 3815139 47 4¹ 9 42 30 ’43 48 45 6¹46 24

'—

 

 

8
2 37 43 39 13 40 35 41 56 43 18'44 35 45 53,47 10 Z} {5
2 38 36 40 ι 41 23 42 44 44 6μῖ 23 46 4¹47 56 49 13,
4 39 ι)- 40 4) 42 12 43 31 44 55 46 12
5 40 15 41 38 43 ι 44— 21 45 44347* 1

[641 542 1343 514511546 367 5149 856 2551 402
J74156÷3 1644 4246— 247 1418 4,49 5951 1552 29

342 4744 1145 32 45 5348 15119 3145Ο 4 52 5153 ιφ
9⁴43 3946 346 2 57 44524 6,56 2451 1651,56ξ4“ιο.

¹⁰44 3145 55 47 1743 3649 5³}51 1552 3253 «·Ηίςῗ 2
¹¹45 2246 43,48 1049 29250 50 52 85 ’,,,,,,3,ὶ451 31ι55 54

¹2 Γ 1147 41349 450 2³5¹ 4153 054 1655 μιςσ 4,
13,47 1248 3549 5851 ι 51 3: 53 5355 656 24 ⁷ 35,

,Ῑ4,48 7 49 30J50 52 52 12:53 Ι125έῖ- 4 ’56 357 18¹5ss 32

49 350 2 51 475 754 11Ξ55 5156 5 58 12‘59 26

*wlff-5} 5373· ῑῑῑες *aurs-3355& wia-*25

 

 

 

 

 

 

 

 

48 2943 4 50 2
43 16,49 36 6, 57

 

 

 

 

 

 

 

 

 

 

 

 

 

 

 

 

 

 

 

 

 

 

 

 

 

 

 

 

 

 

 

 

 

 

 

 

 

 

 

 

 

 

 

 

 

 

 

 

 

 

 

 

 

 

 

 

 

 

 

 

 

,15γίςο 56 52ae 18'53 40 54 ς9,56 16 57 333 58 *49:60 2 61 „¹5
18 51 53 53 16 354 38 55 5657 3,58 2 ἶ59 45 60 58 62 10
19 ς). 515 55 361156 53¹58 ιο 59 26 60 4¹ 61 *54 63 6
8853 50 55 Ι31156 4-3,1 57 51ῐῖ9 7 60 2³f61 39 62 51 64 2
‚2¹54 42356 11,57 ³3 58 56 66 5 61 22 62 35 63,,,43”,·64 59
1155 46 57 1153 31ι59 49 61 4 61 16 63 33 64 46 65 57

113 56 50 58 1159 32 60 486 2 3 63 19 64 32 65 45166 55

57 51 59 1166 3 61 48 63 3 64 ¹8 65 3166 44167 53
&ij 58 ςΛ 50 14 61 33,6ι-49,64 4 65 18266 31 67 43368 52
,ἒ 51) 5 61 16 62 34635-1365 > 66 Ι9Ξ 67 3168 43, 69 51

 

 

64 53 66 6 67 20 63 32,
65 56 67 8 68 21 69 33
67 0 63 11 69 ι3ζ7ο ἔς

”qa—

69 41 '70 5¹

Ι70 43 71 51
71 4472 52

61 062 1963 36

Μ61 465 23,6› 39
63 564 27365 4³

--ni-—n——ae—

 

 

 

 

 

 

 

 

 

 

 

 

