‘⁷ 32 331-13 3332AE 332 19 331 41 330 31ῑ319 18 328 7 326 56325415 324

 

   
    
    
   
   
    
    
      
   
   

WW'

Tama Αςτῆ-ὄιῐῑῖ-’Τ

 

3 Latitudo S eptentrionalis .
, Ξ

 

 

 

——-—-7 -——--—8 CC 9 ¹- C
‚ G l [ια j*
0 317 42³316 28 31517'314 63115631143Γ
ι...Ξ- - 318 30 317 16316 1131414313 45 312 36 „
2323 3 321 46310- 34319 184318 41316 532315 4131ῗῖἷέ 313 13 3121, ”
3233}AE 322 34ss3E.-‡.}C}32⁰ 53318 52 317 4⁰}3AEEZ33E-{ssffl4 1οέ313 ‘ s
z 4324 37 323 213322 61320 52¹319 39÷318 275317 16ἶ316 6 314 16313 4 4243
ἕλω 1111313331 13’321-3-9- 320 26?³¹⁹„.‡};33}„„31316 133335 ,43 314 31 ’-
. όβιό 9 324 541323 39 322 25 321 12}319 593318 482317 37}3¹5 27 315 1„
‚7'3-{224 385 4033221 25 313 10 311 47310443319 333318 11131-7-1-131-6ς
8 317 39 326 131311 10 313 55 322 42²321 295320 173319 7317 57 31641
-9,318 14 317 9ὶ311 14 314 39 323 261322 145321 21319 51 318 41 3¹÷Q324
10 329 S 327 53.326 38 325 23 324 10'322 58 321 465320 353319 25 318 ,ἶ
,2329 52 328 37 327 22 326 71324 14313 41 322 30 321 19 310 9 31911
{¹⁷¹ 330 36 329 20 328 6 326 51 325381'324 25 323 14322 2320 52 319 '4
{AE}.33¹ 19 330 3 318 40ff327 34 326 111311-8 323 57 {ik-ff5ssziffl-22 320 2
14 332 2 330 46 319 31 328 17 327 3311 10 314 391313 18311 181311 »
,12331 44 331 28 330 131313 59 327 45.}²6 32 325 212324 101313 (11311 ,;
16 333 26 331 10 330 11ἱ319 41 328 27 327 14 316 3 3²4 11 323 41ἵ311ῄ1
Γ 334 7 331 51331 36‘330 23 329 9 317 16 316 41 311 3433354 3433)

133· 334 48 333 33 332 ¹8 331 4 319 50 328 37 327 26 326 ¹55325 52323 -ἶ” ³

4¹...5-‘5

G Gt'Gt

2 ’1 3

ιθ ι
321 26 331) 1οἷ ;1ὃ ἒξ
322-12320 531319 44

0 1

2—ss

21:25ss G ¹30-

3„-

 

 

 

 

 

 

 

 

 

 

 

 

 

 

 

 

 

 

 

 

 

 

 

 

 

 

 

 

 

 

 

 

 

 

 

 

 

 

 

 

 

 

 

 

 

 

 

 

 

 

 

 

 

 

 

 

 

 

 

 

 

 

 

 

 

 

 

 

 

 

 

 

 

 

 

 

 

 

 

 

 

 

 

..ν-κ,

10 336 9 334 14 333 39 331 25 331 11319 19 318 48 317 37 316 16 311 1
,1133639333 34 334 19 333 1 331 111330 40 319 18 318 17,327 63111 ⁴
22 337 29 336 14 334 19 333 41 331 31ἶ331 10 330 3 318 161317 46316 3
’ῤ- 333-8 336 54 335 39 334 11 333 12· 332 0 330 48 329-,333533-,3jj 3332 1 .
Ζ’1333 4⁸ 337 33336 13331 4 33311331 39331 27 33015‘329 443275
{i} 339 ²7 338 12336 17 331-,43 334 30 333 18 331 6 330 54
16 340 1 338 10337 36 336 22 331 9 333 17 333 41 331 33
117340 43 330 18 338 14 337 0 331 47 334 41 333 13331 12
,Ἴ ἰῖἒξ341 20140 6 338 11 337 39 336 25 335 13 334 1 332 50

ιφ 341 18 340 44 ³39 30 333 17 337 3¹335 11334 39 333 27

...m --—.---

 

 

 

 

 

 

 

 

 

 

 

 

 

 

 

31:232123532 ’
330 11ὖ319 3·
ΞΞΞ,.,“ῘῘ·’·1399.1 ·
331 171310 ,1 ,

 

 

 

 

 

 

 

 

 

 

 

 

 

 

 

 

³ ξῖῗὶξὲὶέ 34¹ ²1340 8 338 55 337 41 336 29 335-1—.7 333-‘j

μ... ..-.-- —-—— n——- ῇ-ιι ..ιιι-υ

331 52³³

---1

 

