3”Ῐ]γ’““ LIBER TERTIVS · ῳςι

...ῥυῇ-- -Μη-

J ⁷ MP& gr. 41 50. AlmaeVrbis.

 

 

 

Latitudo Mert dionalis

 

‚ w—-u-m—-———-ss.——d———--n—vh-—-——

 

 

 

' , ——n— --————- ——n—-u-t- —-—'-——- -—- ᾕ-..μ -ῄ -—————-

'1:342 35 343 31 345 7 346 23 34⁷ 40 348 38 350 18 331 31 352 5 354 19
ἐ 343 12'344 28 345 44 347 0 34817 349 35 350 54.352 14 353 35 354 33
ὲ-.343 49 345 5 346 20 347 36 348 53 350 11 351 303 352 50 354 11 333 31
“3w26m5m3ffi56g823w29fiow3n 693ώ3η47937
343 31346 171347 32 348 48 350 Ζ3 351 23 352 41,334 2 355 22 336 42
345 39 346 53 348 8 349 24 350 41 331 593 333 181334 37 355 57 357 ιᾰι
337 50

ww

 

 

 

 

 

 

 

 

 

 

 

 

 

 

 

 

346 13 347 29 348 44 350 0 351 17 352 34 353 5} 355 12 336 31
346 51 343 5*349 201350 36 351 523353 9· 354 28 355 46 357 5 353-234

. ———· ——·-·- ——————-— ψη--ι- ——o———m-..n ---.-.-·

343 41 349 56L351 ιι 352 27 353 4Q 333 2 336 20 35⁷ 39 358 58

313- 2? 349 17 353-j §Lffl' 353 2 354 18 '3355'36J 35654 35312359 31

3348 38 349 52 351 7 352 22 353 37
349 13 35Ο 27 351 42.352 57 354 12

 

 

 

 

354 59356 11Ιὶ337 28 338 46 “d—3
333,ΞΞΓ356 45 358 2 359 20 0 33³

 

 

 

 

 

 

 

Ἔ349 48351 2 352 17353 3² 3’>’4 47 3)6 33 357 Ι9 358 3⁶ 359 54 1 12
„ 3 0 23 351 37 352 31 334 6355 22 356 37 357 53 339 10 0 28 1 45
’ ,350 57 352 12 ς”ςῖῖἶὲ 354 4¹ 355 561337 1¹ {358 27 359 44 1 ΖΪ-’ἷ-Γε)

 

 

ε33133157-.,--4-6,334 93155-1-,1 2232135725322-3-0-1-843-32 ιςι·
³ ‚252 6 353 21 354 ³5³³55 49 357 4 358 19 339 35 0 31 2 8 ’3 25

2‘352 40 ³53 55 355 9,356 23 337 38 358 53§-0 8 1 24 2 41 3 58

353 14 354 191333 43Ξ.336 37 358 12 359 27 0 41 1 57 3 14 4 31

 

 

 

 

 

 

 

J 54 13ἔ353 37 336 ξόξ338 5 359 19 ο 34 1 49 3 4 4 16 3 37

354 573 56 11 357 24'358 38
¹ 55 3133 576 44 337 57 339 12
ἶ 56 5 35718 358 31 359 45

359 3ἓῴ 1 7 .,{„{} 3 37 4 53Ι 6 9
02.

 

 

 

 

 

 

1²40 253 410⁶ 525 64-

 

0 59 8 4 434 5558 7 15
3723ss 56 39} 357 51 359 4 0 18 1 32 2 46 4 1
1357 12 ξ358Ἥ 75 359 37 0 51

‘574635850 011 125
>5820

 

 

 

 

 

 

'516 631 748

 

 

 

 

 

2 39 3 53 5 7 6 2² 7 37' 8 34
3¹² 426 540 ⁴655· 81³0 927

...ᾔ-ιν- *- ..α-*ω ἰι-...κς -ι--ο- ’.ι-...-

359 32 0 43 1 38
231
3 3

113 31261339

345 459 613 728 84'3'9591
419 532 646 8 1 916'10‘32.

m—--n———u——m

 

—n———nnno--n—i-——u-——nn

 

——n—

› 353 49355 3335617357 31353 461 0 ο 115 231 347 3 4(

 

 

——a-——m

 

2 6ἑ 320 434 5453 7 4 821⁷

