 

 

 

LlRER 1ERT1vs 4m

 

Dluifioni‚ δε Inuentioni partis proportionalis·

 

-ῤ--ᾠᾌ-*ἒ--ι--Ἇᾞ

31 72 51 73 22- 73 53 74 24 74 55J 75 26 75 57. 76 28
32 75 12J 75 44 76 16 76 43 77 20· 77 52 73 24J 73 56J

’,ι- -ο .. ...ι----,...--.Δ

33 77 33 78 6 78 39 79 12 79 43 89 18 80 51J 81 24
34 79<4 8028 812 8136 8210 82 44 831818352

35 82 1<J 82 50 83 25 84 0 84 35 85 10 85 45J< 86 20
36 84 36J 85 12 85 49 86 24 87 0 87 36 88 12J 83 48

oe—-J-—ffl—QQ———ss——m—w.

37 86 57Ι 87 34 88 11 88 48 89 25 90 2 90 39J ⁴91 16 91 53 92> 0
38 89 18 89 56 90 34 91 12 91 50 92 28 93 6 93 44³ 94 22J 95 0

39 91 39 92 18 92 57 93 36 94 13 94 54 95 33J 96 12 J96 31 97 39
40 94Ι c> 94 40 93 20 96 9 96 40 97 20 98 c>J 98 40J 99 20 100 0

J41 96 21 97 2J 97 43 98 2 99 ς 99 46 100 27J101 8J101 49 102 30
*42 98 42 99 ι4.100 6 00 48 101 30 102 12 102 54J1o3 36J104 18 103 0

43 101 3 01 46 102 2 ῙΞΞ-ἷι RJJ‘J} 104-38 ἶδξ-ἷῖιῖἶέ-ᾒΙῆΞξ-Ξῆ 107 30
j 44 103 24 104 8 104 52 v 5 36 106 20 107 4 ¹07 48 {2{.}} {gg-LffJ-Eg-‘g

45 ¹05 45J106-*3o 107 5. ἶ-ῑῗ-ὀι-οΒ-’ᾙ 1-0-9—3—(3 HET} 111 0 111 45112 30
J 46 208 6 108 5212 09 38 110 24 111 10 111 56 112 42 113 28 114 14J115 0

θ 47 1fss‘33 ἷῖῖ“ἷᾏ ἶῘΞ””1 ἶῖΞ-Ξὲ [ἷΞ-Ξξ ῘῘΞΨΞΞ ἶῖξ-’ξΙῙῖξ-ξὲ [fg-43Jsf7-33

½48 111 48 113 36 114 24 115 {2.116 0J116 48 117 36 118 24 119 12· 120 0

-——··· ..—--——- -—-——- ——an— ———--—- ———-——-——·-·— ψ- .——.-...---

 

————·—=-

76 5 77 30
79 28 90 0

81 57 82 ῳ3οἰ
84 26 8, o

   
       
    
    
 
     
   
  
   

 

 

 

 

 

 

 

 

 

 

 

 

 

 

 

 

 

 

 

 

 

 

86 55 87 30
8925900

 

Ι

 

 

 

 

 

 

 

 

 

 

 

 

 

 

 

 

 

 

 

 

 

 

 

 

 

 

 

 

120 50 121 40 122 30 123 20J124 10 125 f

fflffl-——ae——ffl———m-

123 15 124 6 124 57 125 48 126 39 127 730
125 40 126 32 127 24J128 16ῥι 129 8 130 5-
123 5 128 58 129 51 ι39 44J131 37 132 39
130 30 131 24 132 18 ¹33 12 134 6 ¹35 0

.....-—-..-.-—·—-J..-....-—-

119 w5i 120 42121 33 122 24
12 2 12 123 4 123 56'124 48

124 ΞΕ ’ἶξ-ἷῖσ 26 19 127 12
26 54· 27 4⁰ 128 42 *3⁶²29

 

, 5¹
52

 

 

 

 

'53

 

 

 

 

 

 

 

 

 

 

 

 

 

 

 

 

³ 4

{5391} 13910131 {J¹3²‘ ο 32 5513350134 4513540136 35J137 30²
‘56 132 36 i >³2 32 133 2 134 24.J135 20 136 16 137 12 138 8139 4 140 0
33 133 5³ 34 54J135 31 s} Μξ’3Ι137 45 1³8 42 139 39 140 36 ¹41 33Ι141339ἱ
'58 136 ³9 137 16 -Ξὲῥξῇ [ἐὲ-ιὶμὲΞ-ᾗξ 14ῐ 3 ¹42 6143 4¹144 2 145 0
159138 39 13² 39J140 37 141 36 122 35 123 34 144 33 145 321146 31 147 30
s60 141 0 142 o 143 o 144 0 145 o 146 0 147 <³148 ο 149 o 150· c

mJ 141542 143 144 ι 145 146 147 148 149 150 J

 

 

 

 

 

 

