unni-W?

1 -.-..-.-...-.-.-Ta Bula proportionalis Horarij motus J).
Moe sDiur rems.

m
ἕ. ¹4 10114 1414 1[4114 ι61ι4 ι8114 40144 44114 24114 461
3410 [10 '’110 ’10 ’10 ’10 ’10 ’10 ’1(;““ 1⁸7-

 

 

712

7 10711
7218

7 1617 17
7 22 ²3

728729

7 ¹3
7 ¹9
7 25

¹2 7 317 617 7 7 8³ 7 9
10 7 11 7 121 7 13 7 14 7 ις
20 7 18 7 18 7 19 7 20 7 21
3017 4317 4417 43 7 4617 47

 

 

 

 

 

 

 

7

 

 

407477 49731734733734 33
307347337377387397 40741

13 74017 4417 437447437467 47

 

 

744

Ῐ07467 477 497307 34734733
73373617387398
3017 587 598 08 18 2'8 48 58 6
4018 48 8788810811
,ςο18108 11 8 133 145-8 168 17
{14 8 168 ¹7¹8 188 19 8 20
¹108218·1.3·862482582.
³268 278 188 3018 31
308338 348-368378
40839 844 43
3018 45 8 508 51 ⁸23⁸ 54
’ *⁸568578599092
929 39 59 697
989 9911912913
914915917
169179 9²09219²3
⁹2³⁹2·⁹2-2.2„22-⁹2⁹

...2-.„ '“Q 933935

94“.894993934
39349339369389301941944943
3 943 47948949

9409 4119441944
94394719 489 309 519 3319 549 331
937 399 09 1

9 51 9 53 9 54 9 56
'5⁰9 569 579 5910 010 210 310 519 6
7 ὐφ’-3 ‘'sc', 5 10 6110 8 10 9 10 1 1
1010 8110 9 10 11 10 1210 13 10 15 10 17
2010 14 10 ις-ἰο -316 10 18 10 19 10 21 10 22
10 25 10 27 10 28
ιο 31110 33 10 34

<gu-103110 3310 3410 36'10 37¹0 3910 4010 42¹0 43

³·11W2110 13110 45110 46110 48110 Q

M3 Ta·

 

 

 

 

 

 

20752753754

 

 

86
812

 

 

 

 

 

 

 

 

 

 

 

 

 

 

 

 

8 4018 428 43
8 468 4818 49

8348341833
8589 09 1
,9 49 39 7
ἓ

 

 

 

 

 

 

 

 

10911 918919
925

9309 31
9369 37

9 ¹3
¹9

 

 

 

 

 

,μ

 

 

 

1161.Ῐὶ
10

' 20
30 9 44
40 9 50

 

 

 

 

 

*ov-ux»

 
   
    
    
  

 

 

 

 

 

 

 

9- ἸΨ

10 *ij-1
10 19
10 ⁴

10 311

 

 

 

10 12
10 18
ιο 24
10 30
10 36

 

 

 

 

36110 2019 21
40'10 ,4310 27

10 22
10 28

10 ²4

10 30 10 37

 

 

 

 

 

 

 

 

 

