 

-ψ--ψ-*ἈᾺΜ-..Νμ .- ,„„ θ,

’Μμτῐνω 339.

Diuifioni‚ & quentioni partis proportionalis . ἑ

 

 

 

81 82 39
51ss¹ 5142- 22142 53 43 2443 55544 26144 57 45 6545 50
32 43 12 43 44,44 16 44 4845 00145 50546 04 46 56247 08

5344 3345 6345 39 46 0046 45 47 18ς47 5148 2448 57
2445 5446 28 47 047 &iffi-„2³48 43549 133422250 2⁶
v3547 ι547 5048 0549 049 3550 1050 45

32¹M'ffi-13 Μ Q 52-53 &A 52 12 {2 3353} 33„

37 49 57 50 34451 ¹151 4850 05153 0153 3954 1654 53
385οΔ5ε-535150-63353 005.3..-5.06.4..0-ἓὲ5,5..-955 4415--6 22
39552 3953 18 53 5754 3655 ι5 55 54756 33’5Τ“ι’ὶῇ575ι
140154 054 055 0056 0156 40 57 0οἑ58 053-5059 20
'4155 21¹56 056 4357 04358 5ῥ58 4659 0760 860 49 61 3οῂ

5⁷ 24 58 658 48:52-—3260 12 60 5455 3662 1863 0,-
58 4659 29 60 12f60 55 61 3862 2163 463 476 30²
Ι 60 860 5261 36,6ἷἱ 3063. 463 4864 32 σς 16³6 οῚΖ
²45ts⁶0 456¹ 3062 15363 0¹63 4564 30,65 1566 666 4567 305
’462‘5-2-...2262 5363 3864 0465 10 65 5666 4²67 23 68 1‘469 οἱ

³¹ ,ᾗῖός 27ς64 14 65 Ι 1'65 48 66 35 67 22 68 9 68 56 69 43 70 30⁴
3 48364 430265 36 66 24 67 12 68 o 68 48 69 ,36 70 24 71 12 72 o
av ᾆξίόό 9 66 58 67 47 68 36 69 ιςῃο 14 ’

85067 ΨΜῊᾘΜΜῖΞ-..Ξῖἶῖ ἶέἷῖ Ῠὲἶῖ ³33<

'51353 5¹{69 42270 33 71 2472' 15 73 ⁶73 57 74 48 75- 39 76 30²
52270 1ον7Ι 471 5670 4873 40 74, 3ξ75 0476 16 77 872 0,

73 19 74 ¹2 75 575- 58!76 5³¹ 77 44 78 37 79 30!
74- 42 ‘75' 36 76 30 77 70479 18 79 12 80 ⁶{3¹ <113
76 577 077 55,78 50 79 45 80 40· 81 Ἴθι ,ςοςξ
77 28 78 24 79 20-.80 16 81 12'82 8 83 4 34 (Ὗ

78 ”ff—{Mo 45 81 4080 39283 3684 3385 30
80 1481 12²& 1083 884 6385. 486 287 0

3-83 3584 34 85 33186 32 87 31 {fi ξ

σι’-ι...

83 84 87 88 90 ,
46 30
48 0
4⁴9 30?
51 0»

52 30?
54 91
55 3οτ
21-..95
53 3οἓ

60 o?

87186

 

 

 

 

 

 

 

 

 

 

 

 

 

 

 

 

 

 

 

 

 

 

 

  
   
    

 

 

 

 

 

 

 

 

 

 

 

 

 

 

 

 

 

 

 

 

 

 

 

 

 

 

 

 

 

 

 

, 58 3
,143159 04

 

 

 

 

 

 

 

 

 

 

 

 

 

 

 

 

 

 

 

 

 

 

 

 

 

 

 

 

 

 

 

 

 

 

 

 

———-—-

 

‚3-3371 33 72 26
&mk-157&

ἶς 74 15175 10
ρ, ςέξπ 36576 32

76 57ι77 54
Ῑ78 58579 16

---—-....

 

 

 

 

 

 

 

 

 

 

 

 

 

 

r

 

 

 

 

““ 0-—

 

 

 

———-—--——-—-—-——--—-——

 

 

 

 

 

 

 

