 

A E Τ RT1.V⁸·-..----....¹85
W-rfilbum proportionajis Horarij motus ἐᾶ- .-

- Mo tus Dicamus. ’

, ,,.-ῌὴὡ

’ἵ-ἱὸ-ΙΤῖ-Ξῖῐῗῖ-ᾗῦᾙ-34ιι4 361'14W42114 441
G '1G11G11G (10116 · ¹1G¹1G¹1G ¹1

ἔμ’-717 719 722

1ιιο17141715716 26727728

7207 21722
32733734

1101716 7 27 7 23
30 32 7 33 7 34 35 39 7 40 7 41
1 7 4517 46 7 47

407 3817 397 40741

5074745'746747 75175275³
ις 750751 531754 7577 58
10756757 7591Ο
208 118
308 88
408148158
1ςο

 

m mon

 

718 720721

 

 

 

 

 

 

 

723
729

724
730
736
742
748

7 25
7 3¹
7 33
7 4⁴
7 50

756

 

*lxlxl

 

 

 

 

 

 

752
758

759

 

 

 

00

 

 

 

ωΝ

 

8 1018 12¹ 8 131
1618 18 8 19
8 23³8 24 8 25

 

 

 

 

 

 

 

 

8208 21

 

 

 

 

 

 

 

 

 

 

 

 

 

 

 

 

 

 

 

 

 

 

 

    
   
    
    
     

 

 

 

 

 

 

 

 

ι159 9 33

,16019 399
[109 45
x951

309 579
010 3

¹ 5010 9

110 1ς1ιο 16
⁰1¹⁰ 21 10 22
v 0 ιο 17110 28
»ο 110 23 10 34
11) 39 ιο 40 ι

 

943949

9 54 9 5>
[Ο 010 2

10 7 8
10 1310 14

10 1910 20
Ὦ,

9 43ζ9 442 9 45
9 49 9 5Ο 9 5Ι
9 55 9 56 9 58
ιο 110 ,7.
10 710 8
10 1310 1}

10 20
10 26
10 32
0 39

10 45
ιο 51

947
953

9 59
10 4110 , 5
0 10 10 11
10 16.10 17

—-—- ---—--—--

10 22 10 23 10 25 10 26
10 28 10 2910 3 0 32
10 34 10 35 10 37 10 38
10 401· ·0 42 10 4310 45

10 43 10 46110 4810 4910 51
o 10 45 ιο 46 10 ’ 49 10 52 10 54 10 55. 10 57
' ss ·0 5¹ [10

5²[10 54110 55110 57110 58111 01¹¹ ’ '2111 31
’ Ta-

 

 

 

 

 

 

 

 

 

 

 

 

 

 

10 4
10 10

 

 

 

 

10 18110 19
10 24 10 25
10 30110 ’31

10 37

 

 

 

 

 

 

 

 

 

 

 

 

 

 

 

 

“

