 

 

Diuifioni ‚ δε Inuentioni partis proportionalis.

 

LIBER TERTIVS. Ι

 

 

 

—5————.

·} 33 6 3

ο--ι--ᾠ--ξο--ι Ἄ--ο--ψ-

6367 97428158489219541027
6487227568309 493810121046

7 073581084592095510301151140
7 12 7 48 8 249 0 9 3610 1210 48ἱι1 2412 0

*υ--ι-ι--ψα-ν --———-= “— *Qun-...amfi—

. 7248 18 389 1595210 2911 61114317. 20
4238 6 5817 36 814 8 5²· 9 3010 810 4611 24¹2 212 40

*ψ-

11 0
11 20

 

 

 

 

 

 

 

 

 

 

 

 

,Ι ω-*α-

 

——mffm-——n——o *σῇ-...ῃ -ῌ--ῇ-

, 8279 694510 2411 3114212 2113 o
2:40 7 20 8 0 8 40 9 2010 ⁰¹⁰..- 4011 2012 012 4013 20

1 7 31812 8 53 9 34¹0 1510 5611 37¹2 1812 5913 40
427 42 8 249 ⁶³9 48·

    
    
     
   
      

 

 

 

 

 

 

 

 

 

 

—a- ——...—. *„-—-

437 53 8 369 1910 2
444 8 4 8 48 9 3210 16·

——*'i-———--—*-*———*

10 45
11 0

μ-ψ-Ψ-νψέ-ἓψ--ῃ

45 8 159 o 9 451030111512. ⁰³¹² 4513 3014 1515 0
,46 8 26 9 12 9 5810 4411 3012 1613 ——213 4314 3415 20

''⁶“ 9 2410 1110 58¹1 4512 3213 1914 614 5315 4ο

3³ ἓ {ZQQQQ!Q³'Q⁶QQQ

”m 13 5314 4215 3116 20
14 10115 015 5016 4ο

-ι---’-“---ι“--*--

ιι 45113 3614 2715 1816 917 ο
13 0135214 4415 3616 2817 20

auu-‘⁹ *- -α- ——— ——u-. ———-

13 1³14 815 1155416 4717 40
9 5410 4811 4212 3613 -3914 2415 1816 1217 618 o

55³10 11 011 5512 5013 4514 4015 3516 3017 2518 20
.'·2-56³10 1611 12 ⁵³13 41-4-0 Μία 5216 4817 4418 40

‘'ff“J———wfflm 1515 ιιΠΓ618--39 o
10 38³ :1 3612 3413 ssis-‘L- 3015 28'116 2617 2418 2219 20

010 49} 1 48114713 46214 4515 4416 4317 4218 4119 40
Ἐξ, 11 012 0¹3 014 015 016 017 018 019 (ιο 0

u—-m—-d—“n——n—-ss--ssss

 

 

 

 

 

 

 

 

 

 

 

150 9 10
151 9 21

ιο 010 5011 40

10 12 311 54
··5 9 3210 2411 1611 ’,ΞΒ

κ,-

17, 30³ 13 20

 

 

 

 

 

 

ή-Ι--Ἔ--ι--ιαυ-

., 5319 4310 611 2912 22

 

 

 

 

 

 

 

 

 

 

..-

 

 

 

 

 

 

 

 

 

 

—Jmlss—*ssh——ss-aessm

