:Lu-mmm—wsmff·÷-·T1s*sss”*m·j‘ 27'1 ”

-..ο -.- m--a--m --.*

 

 

 

Ᾰᾶὅῌ1ἷ7ὗ1ῗῑειῑε111 nostn' temporis gr. τ’. 3 3 1‘.3 2¹¹⁴.

 

 

 

 

 

 

 

ἡ Latizudo „Meridxonnlz's . ψ -“·-“
0 ¹ 7 ² ¹ 3 7 4 7 5 ¹ 6 7 7 5 8 7 9
ἱῇβὸἡό-ἾεῖήΓῧῐῖὴζᾶ-’Ἶῦ-Ἷόἥ

 

m*

176 48ἲ 176 247

———-———.---.

ἷίέἷῖ-ἷ) 179 377179 137178 49178 25⁵178 1 177 37177 13 7
·, 180 55 180 3-134180 87179 447179 6071-78 567178 317178 8 177 43:177 191
P*218150181 97181 3 180 397180 15717951179 1717179 37173 38178 147
3:²¹⁸& 182 223181 58181 34;.181 10'1180 46 180 ²2÷¹79 58 179 34179 9

ῙᾸῙ83 40183 17 132 53'182 29'2'282 5
'184 35184 12 183 48 183 24[183 0
’18535 185 7 184 43184 19¹,183 55* 183 31 183 7182. 43718119181 55
1 ;186 25186Μὲ 185-38-185 14ξ184 501184 26 184 2 183 381183 14 182 50

-υ Ι

71118711118657186 33 186 9185 457185 21 184 57 184 33 184 9183 45
Ξξ188 16187 52 187 28 187 4ζ186 40718610185-517185 287185 4184 41
:2¹⁸9 11 188 47188 23187 59!187 355187 11 186 47186 23:185 59 185 36
ΆΝῙᾈΞΞΞΑΞΞΜῶ-,Σὲὶὲἐὲ [δέ-,7 Q18⁷ 133186 55186 32

„,-.......

777 19¹ 2⁵190 387190 14'189 517189 27:189 3 188 39188 147187 51 137 27¹3
15'1' 91 57.19¹ 332191 9190 46 190 997189 58 189 34189 107188 ᾳξ 188 937

&197-{3192 ἷ97192. 519ἶῖ 191 187190 54 190 30 1⁵90 -6
192 '143191 501911619172.

2719348³Q313Q31ffl ,ψῃ-μ ffl- ...- m -ffl
93 15244'194 20 193 571193 34 193 103192 4⁶* 192 22 Χ9Ι 5⁸ ¹9¹ 34 19¹ ¹0
7771717, 40 195 16 194 531194 307194 67193 42193 13192 547197. 307192. ό
2. ‚³³⁶ 35196 12195 49195 263195 22194 39 194 15‚193 5¹ 193 1-7193 ²
757ςῲ7 3¹ 197 8 196 45196 22‘195 583195 35 195 ¹¹‡¹..9.4....-.47 *¹94 ²3⁵4.¹.........93 59

17748 ²7 ¹9⁸ 4 ¹97 4¹³¹97 ¹⁸ 196 543196 3¹ Ι96 77195 44 195 907194 55
, 23 199 0 198 373198 ¹4 197 517197 28 197 47196 41 196 172195 52
‘¹33‘20 ²0 199 5⁶ 199 33'199-11 198 43{198 25 198 1:197 38 197 ¹4÷19⁶ 49
Q, ¹6 ²00 53 200 30 200 8 199 453199 22 198 587198 35 198 117197 46

,ος ’12. 12 201 50 201 271201 5 200 417900 19 199 553199 3² 199 8 198 44
εοό ‘03 9 202 47 203 243202 2 201 393201 16 200 521200 29 200 5 199 41
7 ' ,ἦῡ4 6 203 44 203 211202 59 202· 363202 13 201 50 201 27 201 3 200 39
03 ²·5 2 204 41 204 1977903 57 203 347203 11 202 48 202 25 202 1 201 37

 

 

 

 

 

 

 

 

 

 

 

 

 

 

18141 18-1-1-77180 53 180 29 180 5
182 36182. 12=181 481181 2-4 181 or

 

 

 

 

 

 

 

 

 

 

   

 

 

 

 

 

 

 

 

 

 

 

189 42189 18
129'0 38190 14

 

 

 

 

 

 

 

 

 

 

 

. 7 5 59 205 38 205 '16 204 54 204 3¹ 204 9 ²03 46 203 ²3 202 59 202 35
2· WQQQQQQQQQ

 

212-·.-..2<>7-³.} 2:322: 7

      

