Η

164 WW·

Tabula proportionalis Horarij motus> 2> .
M σιω] Diu'rrzus· ’-

m
Ο
ξ’ ¹2 41111 44112 46112 48112 50s12 33-’11ὲ 34111 56112 5811'3‘2313'3‘ 5
6

 

 

 

 

 

 

GQ‘KJGsstffi 11ss 116 1113 ‘JG ‘fG QG ‘lG lG

Ο13 xgr? 1153 11311134 1353 ¹5³ 133 ,143 1413 133 13
{01} {1²} {2} {3} {3¹} {f} {4} ¹23} ,ἷζξ Ξὲίέ Ξὲξ {3
γ 3 483493 1913 30
2353 3113 333 ³33 333 3413 3313 3Ξῖ

,3 373 33 33393 393 4,3 4341
7 13 4113 4313 433 4413 4313 4313 4613 46
1013 4713 483 48,3 493 3οι3 3613 3113 52

 

 

 

 

 

 

 

 

3 3133 3113- 3²
3 3613 3613 37
,3 413 4143 41
3 4713 4713 48
3 3113 3313 33
3 3813 3813 39

3οξ3 10613 273 27 3 30

335

 

 

 

 

 

 

f

 

 

'2023 333 343 3433313 36ζ3 363 3613 37

 

1 3οξ 3813 393 391 014 114 114 24 3}4 314 414 4
1 4014 . 314 44 414 014 714 714 714 814 814 914 · 10
¹504 94 104 104 ¹114 124 124 124 134 144 144 15¹

   

8 416

422

4 18¹4 19
4 244 25
4 304 30

4 14.
¹04 19
ζ 204 24
⁷ 3 4 30

,404 35
1 5 4 40

9
10

4 1714 174 18
4 1314 2244 23
4 2814 2814 29
‘4 314 31{4 3524 33¹4 3314 344 3314 33·
4 364 3614 384 3914 3974 394 4014 4-1
4 4114 414 434 444 444 4314 46²4 46

ζ4 474 Δ4814 494 49ἓ4 304 314 314 3114 331
Ξ {ng {gs} 3ἓὲ 33314 554 364 3Ξ1ἒ 3814 59
5 ³ 3 6 83 9Α
Ξ

 

 

 

 

1314
4. 2034 20
4 25¹4 2654 27

 

 

 

 

 

 

 

 

 

 

 

 

 

3313 6
5¹2

5 ‘¹¹35 11

5 ¹⁶35 175 ³7· 1835 19
5 22 235 24

ς 28 295 30

5 33. ‘345 35

Ξ

5

υιυιυι
x!
νι

 

 

 

 

 

 

 

 

3 133 1όέ
3 303331ἱ
3 3613 3714
3 41‘5 481
3,»473 3⁸¹ ’
3 303 313 313331

3363 373 373381
6 16 6 36 4
6 v 76 {a 86 .9
6 126 136 1416 15.
6 176 186 196 ιο,

5 ,2¹5¹ 22³
5 265 ²7
5 325 33
3 373 38
ξ

 

 

 

 

 

 

 

 

 

 

mmmmm

39 403 41
433 46

   
    

413 43
483 49

3 33 3 34
338639
6 463
6 9610

 

 

441
,49
3 ⁵2,
6 6

611

 

 

 

 

 

 

ἶ 50³ 51
3 133 13
6 6 6 ’⁸7

49
34
o

3016 3

552
557
63
68

 

 

 

 

 

 

 

 

6 106 116 126 136 146 156 16
6 166 176 1816 196 206 21 6 ·226 236 246 256 2⁶
. ¹12 16 2216 2216 ‘2 316 2416 2516 2616 2716 2816 ²916 39163έέ

”suf , ¹

 

 

 

 

 

 

 

