1

1 w—ilbffifflfiffiffis Horari j 11101113 &Q—

 

 

 

 

 

ΞΖ [Motus Diurnus.
ἕο ¹2 42112 [4112 46112 4811ἵ5ᾞζῖἶῖἶῖ2 54112, 56112 58113 0113 ,2
5 (Τ’·ῐ1“ξ-11-(;“-Τ1ξ””ὓ qss‘m'qG‘ ’10 [[(ῨἾΟ ’10 ’10 ²

 

 

1 629 63¹

2 6 21
106 27
206 32

622 630

6 236 246‘25l6 2616 276 28
6 286 ²⁸0⁶ 296 3016 3¹0⁶ 326 33
6 336 34¹6 356 3616 376 386 39
3016 376 3816 3916 4016 4116 426 4316 44
ἶ4075 426 436 4196 456 4616 476 486 50
50¹6 476 496 506 5116 526 536 54’6,,-,5“5
’1316 5316 546 55 6 586 59 ’
0

³313 4

 

6 37
6 42
6 48
6 5 3
6 58

6 35
6 41
6 46
6 52
6 57
7 · 217 4
7 817 91
7 1317 151
7 197 20
N 7 247 -26
⁸„5287 297 “31
7 34⁸7 357 3⁶

3917 407 v4²-
7 452 467 47
7 507 517 53

7..·567 577581
8, 118 28 3
8

6 34
6 40
6 ,45
6 51
6 56

1

 

 

 

 

 

 

 

 

 

 

 

656
7 1

70
76

711
716

 

657

7 2

, 7 77
13317 311 {323 12¹3:ssss 3} 7 22
Ᾰ5017 1917 2117 2237 2317 24 . *267 27
1 31
-7 39 7 41 7 44
7 4317 447 457 467457 49,
7 4817 497 507 427 537· ,55
7 537 557 5617, 57.> 0 ..-
7 577 598 08 118 218.,48 ι1181518 718 9

7
12

2¹⁸
23

 

 

 

 

 

 

 

xlxlxlxlxl

 

 

 

 

 

 

 

xl

 

 

734
740

7 ,33

Ἀ
-δλ
<1-
μ
:2-
x]
μ
*A
x]
S
Ἢ
Ὦ
Ν
——320
&1
x&
&l

 

 

 

 

 

 

 

 

 

 

 

 

 

 

 

 

 

8 38 ⁴458 58 ¹6³8 , , , 12;8 138 141
8 818 108· 118· 1218 1318 158 ’1618 1718 18 8 2οῗ
‚ 8 168 1718 198 208 2218 238 2318- 251
4018 1718 198 zob 21'8 2218 248 258 2718 288 2918 30,ἶ
50 8 23:94* 8 2618 278 . 288 2918 318 328 33 8 ’348Ψ36ς
1111 511 5111 311 911 411 26¹3 ⁴21
203 - <8v 018 284 28 {458 4618 {118 {3²2 ζ1813 ξῖθ f}
08 {1³OE 258 278 488 4158 31¹8 52718 5318 558 56
«31084918. 518 52ξ 5318 548 5618 578 5919 ἒς) 19 3

< 599 0¹9 ²39 μ 9 4¹9 19 79 8
1719 . 019 1 9 39. ’419 ., 59 719 89 109119 1119 ,14
Η1119 ..5193719 ’189 919 109 1ξ19 ,1319 1519 1619 18 9, 19
,3111111333114 22⁵⁹ ¹ ⁹ 2³

Α ,9 ’2619 ’2719 2819 30
4019. 219 229 249 259 25 9:3149 3²,9 339 35,

8·’ 1
8·· 7
308 1218 13

10
20

 

 

 

 

 

 

 

 

 

 

857

 

 

 

 

 

 

 

„2⁰31”ss {68 57

 

 

 

 

 

9 2319 24

. a >9 2819 ²9 1 Ι Ι 4

5“>’,.„.3.{?„ 289 0299319329 349 359 379 189 399 411

22133119 3319 34193619 3719 3919 4019 4219 4315341419 461
0 L 3 Ta·

 

 

 

 

 

