Tabula proportiona‘lis Horari j moins ³:223,
Ι g: Motus Dl'urnus .
› gg, 1WWWJW0

ΓΞ] (W'Wffi 110 ῆῦΤῖῖό-’Ἱ

ΙΝ 6 1416 υἷ’-εὶ '166 176 186 19³6 20

2 6 10¹6 116 ‚126 13
1106 156 166 176 186Δ 1936 ssorj‘. Ι116 226 23 6 25
'2016 216 21¹6 ²²¹, 246 2356 263& 2316 286 29 6 31
f306 266 2736 2836 29³6 3036 3116 326 336 34 6 36
406 316 32.‘5 3356 3436 3536 3:221& 3:226 386 396 406 41
506 3616 3Τό 3356 3521’36.40'6 41¹6 4235 436 446 45646
13 6 4116 4226 43²6 4337& 6 47 6”’48ῖ6””«ἷ9’6 50‘6 52
· 106 4616 47⁴6 4836 49³6 50 6 536 54‘6 556 5616 57
205 5126 532⁶ 546 5516 56
*306 5756 586 59ῐ7 07 1
407 21¹7 337 4i7 57 6
1 9 97 ¹⁰¹7 11

 

 

 

 

 

 

 

 

6 24
6 30
6 35

 

 

 

 

 

 

 

 

 

 

 

658 7 1¹7 2

6 ¹597v ,ο
7 47 15
7 97 10 ⁵
7 14.7 15 ,7 ¹8
'7 21‘7 227 2
7 2³67 277 2
307 3¹¹7 32¹7 34
7 357 37
7 417 42

'x

747

751-
758

8 8
8 13
8 19
8 2418 25
8 29'8 31

 

 

 

 

712

7 17
7 23
7 28
7 33
7 38
7 43

749

7 13
7 19
7 24
7 29
7-34
7 39
7 45

750

 

 

20

716 7
725
7

{1457 1237 131⁷ 1417 15
⁴ 177 187 197 20
}20·7 2²7 237 257 267 27
’ 7 3-07 317 32
7 357 367 37
7 40

‘745

7550
7 567 57

8 28 38
8 68 78
8 118 12,8 13
’8 16 178 19
8 21 22
58 26

‘33¹8 298 318 32
40¹8 348, 36

 

 

 

 

 

 

 

 

 

 

 

 

 

 

 

746
751

7 417 41
7 467 47
7 517 52
7 58

 

 

 

 

 

 

 

 

 

 

311
816

812
817

8 23
78 28

 

 

 

 

 

 

 

 

 

 

 

 

 

 

 

 

 

 

 

⁸‚-3.7
8 42
,ΞΟ-’ἒ 2333 3⁶51} ’ἐξ
'208 ἱς’ςεέμ 568 58
309 . 0}9 1

000000000000
ww
...2:³-

 

 

 

 

 

 

 

8, 538 568 568 578 59
8 599 19 19 39 5
9 119 69 7¹9 9⁰ ¹⁰29 11

9 19 ²9

8 488 51
ι 9 69 79

 

8 5118 52

 

9 3

   
 

 

 

743959 ,69w 89 99 119 139 149· 1519, 169 ¹ 9 ¹9
g 9-10,9..-(19s¹39 1 9 169 179 199 2019 ²19 239 25

{81041519 1619 1819 1919 2119 2219 2419 2519 2719 28¹9 30

   

 

 

 

 

 

  

 

1. Ta-

